	 0.011     0.000     0.211     0.121
    -0.022    -0.023     0.200     0.210
     0.011    -0.012     0.254     0.100
     0.000     0.010     0.111     0.111
     0.088     0.000     0.217     0.155
     0.109     0.009    -0.088     0.132
     0.067     0.033     0.067     0.155
     0.078     0.056     0.234     0.156
     0.022    -0.001     0.210     0.100
     0.033    -0.011    -0.033     0.145
     0.055     0.011     0.257     0.111
     0.067     0.001     0.157     0.123
     0.045     0.011     0.256     0.123
     0.011     0.000     0.241    -0.056
     0.000     0.000     0.232    -0.033
     0.022     0.022    -0.112     0.100
     0.044     0.033     0.214     0.133
     0.022     0.034     0.244     0.123
     0.054     0.066     0.138     0.166
     0.067     0.055     0.219     0.177
     0.034    -0.022     0.222    -0.021
    -0.011     0.000     0.233     0.100
    -0.022     0.000     0.245     0.122
     0.010    -0.001     0.154     0.112
    -0.011     0.023     0.222     0.144
    -0.010     0.023     0.223     0.166
    -0.011     0.000     0.212     0.155
    -0.011    -0.010     0.266     0.179
     0.023     0.011     0.245     0.001
     0.088     0.012     0.268     0.111
     0.000     0.010     0.244     0.111
     0.101     0.022     0.234     0.123
	 -0.011    -0.056     0.222    0.100
     0.035    -0.067     0.212    -0.032
     0.000    -0.056     0.211     0.134
     0.000    -0.034     0.211     0.123
    -0.023    -0.021     0.223     0.157
     0.000    -0.022     0.211     0.100
     0.022     0.046     0.268     0.155
     0.011     0.023     0.234     0.143
     0.045     0.011     0.280     0.154
     0.055     0.109     0.221     0.165
     0.055     0.067     0.289     0.123
     0.057     0.088     0.277     0.100
     0.056     0.057     0.268     0.110
     0.055     0.065     0.212     0.133
     0.045     0.055     0.222     0.112
     0.066     0.077     0.210     0.122
     0.055     0.143     0.254     0.143
     0.055     0.088     0.288     0.122
     0.054     0.088     0.242     0.122
     0.066     0.067     0.288     0.143
     0.033     0.044     0.288     0.110
     0.068     0.080     0.257     0.134
     0.044     0.022     0.267     0.112
     0.021     0.044     0.267     0.111
     0.033     0.077     0.264     0.133
     0.033     0.077     0.222     0.101
     0.034     0.056     0.290     0.121
     0.045     0.022     0.278     0.122
     0.021     0.023     0.257    -0.009
     0.010    -0.057     0.233     0.121
     0.033    -0.068     0.243     0.122
     0.021    -0.068     0.223    -0.012
     0.045    -0.088     0.255     0.121
     0.011    -0.101    -0.001    -0.033
     0.011    -0.112     0.210     0.110
     0.012    -0.111     0.223    -0.010
     0.022    -0.089     0.233     0.034
     0.022    -0.046     0.245     0.020
     0.000    -0.055     0.200    -0.011
     0.012    -0.078     0.244     0.110
     0.022    -0.078     0.244     0.100
     0.000    -0.098     0.211     0.112
     0.000     0.000     0.211     0.112
     0.000     0.022     0.222    -0.101
     0.001     0.023     0.243     0.135
    -0.010     0.000     0.256     0.100
    -0.012     0.033     0.234     0.144
    -0.022     0.067     0.223     0.122
     0.001     0.044     0.201     0.123
     0.000     0.079     0.291     0.123
     0.011     0.122     0.255     0.156
     0.021    -0.011     0.278    -0.022