     0.011     0.000     0.111     0.221
    -0.022    -0.023     0.100    -0.010
     0.011    -0.012    -0.054     0.200
     0.000     0.010     0.111     0.211
     0.088     0.000     0.167     0.255
     0.109     0.009     0.188     0.232
     0.067     0.033     0.167     0.255
     0.078     0.056     0.134     0.256
     0.022    -0.001     0.110     0.200
     0.033    -0.011    -0.033     0.245
     0.055     0.011     0.177     0.211
     0.067     0.001     0.157     0.223
     0.045     0.011     0.156     0.223
     0.011     0.000     0.111     0.216
     0.000     0.000    -0.111     0.233
     0.022     0.022     0.112     0.200
     0.044     0.033     0.211     0.233
     0.022     0.034     0.144     0.223
     0.054     0.066     0.188     0.266
     0.067     0.055     0.199     0.177
     0.034    -0.022     0.122     0.221
    -0.011     0.000    -0.033     0.200
    -0.022     0.000     0.145     0.222
     0.010    -0.001     0.154     0.212
    -0.011     0.023     0.122     0.244
    -0.010     0.023     0.123     0.216
    -0.011     0.000     0.122     0.255
    -0.011    -0.010     0.166     0.069
     0.023     0.011     0.145     0.201
     0.088     0.012     0.168     0.211
     0.000     0.010     0.144     0.211
     0.101     0.022     0.134     0.223
	 0.021    -0.011     0.178    -0.022	 
	 -0.011    -0.056    0.122    0.100
     0.035    -0.067     0.112     0.232
     0.000    -0.056     0.111     0.234
     0.000    -0.034     0.111     0.223
    -0.023    -0.021     0.123     0.257
     0.000    -0.022     0.111     0.200
     0.022     0.046     0.168     0.255
     0.011     0.023     0.134     0.243
     0.045     0.011     0.180     0.254
     0.055     0.109     0.121     0.265
     0.055     0.067     0.189     0.223
     0.057     0.088     0.177     0.200
     0.056     0.057     0.168     0.210
     0.055     0.065     0.112     0.233
     0.045     0.055     0.122     0.212
     0.066     0.077     0.110     0.222
     0.055     0.143     0.154     0.243
     0.055     0.088     0.188     0.222
     0.054     0.088     0.142     0.222
     0.066     0.067     0.188     0.243
     0.033     0.044     0.188     0.210
     0.068     0.080     0.157     0.234
     0.044     0.022     0.167     0.212
     0.021     0.044     0.167     0.211
     0.033     0.077     0.164     0.233
     0.033     0.077     0.122     0.201
     0.034     0.056     0.190     0.221
     0.045     0.022     0.178     0.222
     0.021     0.023     0.157    -0.009
     0.010    -0.057     0.133     0.221
     0.033    -0.068     0.143     0.222
     0.021    -0.068     0.123     0.212
     0.045    -0.088     0.155     0.221
     0.011    -0.101    -0.001     0.233
     0.011    -0.112     0.110     0.210
     0.012    -0.111     0.123     0.210
     0.022    -0.089     0.133     0.234
     0.022    -0.046     0.145     0.220
     0.000    -0.055     0.100     0.211
     0.012    -0.078     0.144     0.210
     0.022    -0.078     0.144     0.200
     0.000    -0.098     0.111     0.212
     0.000     0.000     0.111     0.212
     0.000     0.022     0.122     0.201
     0.001     0.023     0.143     0.235
    -0.010     0.000     0.156     0.200
    -0.012     0.033     0.134     0.244
    -0.022     0.067     0.123     0.222
     0.001     0.044     0.101     0.223
     0.000     0.079     0.191     0.223
     0.011     0.122     0.155     0.256
     0.021    -0.011     0.178    -0.021