     0.000    -0.011    -0.011    -0.011
     0.000    -0.021    -0.011    -0.044
     0.011     0.000     0.023    -0.011
     0.011     0.000     0.000    -0.011
     0.000     0.013     0.034     0.001
     0.034    -0.012     0.023     0.011
     0.000     0.000    -0.011    -0.055
    -0.001    -0.044     0.000    -0.001
     0.022    -0.011     0.034    -0.012
     0.000     0.000    -0.010    -0.034
     0.022    -0.010    -0.031    -0.089
     0.057    -0.033     0.023    -0.023
     0.034    -0.045     0.033    -0.033
     0.023    -0.044     0.000    -0.022
     0.010    -0.044     0.000     0.011
     0.021     0.033    -0.067     0.011
     0.011     0.000    -0.088    -0.043
    -0.011    -0.012    -0.001     0.011
     0.000     0.010    -0.012     0.022
     0.010     0.000     0.012     0.000
     0.011     0.000     0.022    -0.011
    -0.023     0.010    -0.001    -0.057
     0.034     0.044    -0.021     0.033
     0.054     0.022    -0.046     0.032
     0.022     0.044    -0.032     0.043
     0.056    -0.011     0.011    -0.001
     0.045    -0.001    -0.011     0.043
     0.032     0.000     0.010     0.009
    -0.011     0.045     0.001     0.000
     0.034     0.023    -0.011    -0.033
     0.022    -0.034     0.045     0.045
     0.044    -0.023    -0.001     0.011
     0.000     0.000    -0.077     0.000
     0.022    -0.045    -0.012    -0.023
     0.044    -0.024     0.032    -0.013
     0.043    -0.023     0.022     0.023
     0.011     0.011    -0.011    -0.023
     0.011     0.000    -0.012    -0.033
     0.021    -0.010    -0.067     0.001
     0.068     0.034     0.068     0.056
     0.055     0.055     0.010     0.065
     0.078     0.109     0.090     0.044
     0.076     0.043     0.054     0.043
     0.011     0.010    -0.067    -0.011
     0.023    -0.022    -0.022    -0.002
     0.034    -0.010     0.022    -0.032
     0.033    -0.012     0.020    -0.012
     0.044     0.000     0.054     0.088
     0.076    -0.001     0.011     0.044
     0.012    -0.044    -0.011    -0.066
     0.023    -0.011     0.046    -0.011
     0.022    -0.012     0.022     0.000
    -0.033     0.022     0.022     0.034
    -0.011     0.012    -0.022     0.078
     0.022     0.011    -0.045     0.022
    -0.023     0.011     0.011    -0.067
     0.023    -0.022     0.011    -0.023
    -0.022     0.067     0.044     0.056
    -0.022     0.055     0.055     0.043
    -0.044     0.045     0.033     0.056
    -0.022     0.022    -0.012     0.033
    -0.045     0.001    -0.023     0.000
    -0.044     0.001    -0.057     0.011
    -0.032     0.067     0.100     0.022
    -0.033     0.079     0.022     0.056
    -0.043     0.001     0.011     0.033
    -0.012    -0.010    -0.055    -0.011
     0.067     0.001     0.022     0.011
     0.055    -0.066    -0.001     0.011
    -0.043     0.000     0.011    -0.010
     0.023    -0.021     0.055     0.000
    -0.001     0.022     0.023     0.000
    -0.011    -0.011    -0.099    -0.011
     0.056    -0.021     0.022     0.023
     0.067     0.001     0.087     0.043
     0.056    -0.022     0.021     0.012
    -0.022     0.023     0.022     0.022
    -0.033     0.022     0.024     0.067
     0.000     0.054     0.010     0.111
    -0.021     0.000    -0.022     0.022
     0.076    -0.011     0.033     0.098
     0.056     0.023    -0.022    -0.001
     0.066     0.045     0.000     0.045
     0.046     0.000     0.010     0.077
    -0.045     0.022     0.011     0.022