	 0.100    -0.011    -0.011    -0.011
     0.100    -0.021    -0.011    -0.044
     0.111     0.000     0.023    -0.011
     0.111     0.000     0.000    -0.011
     0.100     0.013     0.034     0.001
     0.134    -0.012     0.023     0.011
     0.100     0.000    -0.011    -0.055
     0.101    -0.044     0.000    -0.001
     0.122    -0.011     0.034    -0.012
     0.100     0.000    -0.010    -0.034
     0.122    -0.010    -0.031    -0.089
     0.157    -0.033     0.023    -0.023
     0.134    -0.045     0.033    -0.033
     0.123    -0.044     0.000    -0.022
     0.110    -0.044     0.000     0.011
     0.121     0.033    -0.067     0.011
     0.111     0.000    -0.088    -0.043
    -0.011    -0.012    -0.001     0.011
     0.100     0.010    -0.012     0.022
     0.110     0.000     0.012     0.000
     0.111     0.000     0.022    -0.011
    -0.023     0.010    -0.001    -0.057
     0.134     0.044    -0.021     0.033
     0.154     0.022    -0.046     0.032
     0.122     0.044    -0.032     0.043
     0.156    -0.011     0.011    -0.001
     0.145    -0.001    -0.011     0.043
     0.132     0.000     0.010     0.009
     0.111     0.045     0.001     0.000
     0.134     0.023    -0.011    -0.033
     0.122    -0.034     0.045     0.045
     0.144    -0.023    -0.001     0.011
     0.100     0.000    -0.077     0.000
     0.122    -0.045    -0.012    -0.023
     0.144    -0.024     0.032    -0.013
     0.143    -0.023     0.022     0.023
     0.111     0.011    -0.011    -0.023
     0.111     0.000    -0.012    -0.033
     0.121    -0.010    -0.067     0.001
     0.168     0.034     0.068     0.056
     0.155     0.055     0.010     0.065
     0.178     0.109     0.090     0.044
     0.176     0.043     0.054     0.043
     0.111     0.010    -0.067    -0.011
     0.123    -0.022    -0.022    -0.002
     0.134    -0.010     0.022    -0.032
     0.133    -0.012     0.020    -0.012
     0.144     0.000     0.054     0.088
     0.176    -0.001     0.011     0.044
     0.112    -0.044    -0.011    -0.066
     0.123    -0.011     0.046    -0.011
     0.122    -0.012     0.022     0.000
     0.133     0.022     0.022     0.034
     0.111     0.012    -0.022     0.078
     0.122     0.011    -0.045     0.022
     0.123     0.011     0.011    -0.067
     0.123    -0.022     0.011    -0.023
     0.122     0.067     0.044     0.056
    -0.022     0.055     0.055     0.043
     0.144     0.045     0.033     0.056
     0.122     0.022    -0.012     0.033
     0.145     0.001    -0.023     0.000
     0.144     0.001    -0.057     0.011
     0.132     0.067     0.100     0.022
     0.133     0.079     0.022     0.056
     0.143     0.001     0.011     0.033
     0.112    -0.010    -0.055    -0.011
     0.167     0.001     0.022     0.011
     0.155    -0.066    -0.001     0.011
     0.143     0.000     0.011    -0.010
     0.023    -0.021     0.055     0.000
     0.101     0.022     0.023     0.000
     0.111    -0.011    -0.099    -0.011
     0.156    -0.021     0.022     0.023
     0.167     0.001     0.087     0.043
     0.156    -0.022     0.021     0.012
     0.122     0.023     0.022     0.022
    -0.033     0.022     0.024     0.067
     0.100     0.054     0.010     0.111
     0.121     0.000    -0.022     0.022
     0.176    -0.011     0.033     0.098
     0.156     0.023    -0.022    -0.001
     0.166     0.045     0.000     0.045
     0.146     0.000     0.010     0.077
     0.145     0.022     0.011     0.022