	 0.200    -0.011    -0.011    -0.011
     0.200    -0.021    -0.011    -0.044
     0.211     0.000     0.023    -0.011
     0.211     0.000     0.000    -0.011
     0.200     0.013     0.034     0.001
     0.234    -0.012     0.023     0.011
     0.200     0.000    -0.011    -0.055
     0.201    -0.044     0.000    -0.001
     0.222    -0.011     0.034    -0.012
     0.200     0.000    -0.010    -0.034
     0.222    -0.010    -0.031    -0.089
     0.257    -0.033     0.023    -0.023
     0.234    -0.045     0.033    -0.033
     0.223    -0.044     0.000    -0.022
     0.210    -0.044     0.000     0.011
     0.221     0.033    -0.067     0.011
     0.211     0.000    -0.088    -0.043
    -0.011    -0.012    -0.001     0.011
     0.200     0.010    -0.012     0.022
     0.210     0.000     0.012     0.000
     0.211     0.000     0.022    -0.011
     0.223     0.010    -0.001    -0.057
     0.234     0.044    -0.021     0.033
     0.254     0.022    -0.046     0.032
     0.222     0.044    -0.032     0.043
     0.256    -0.011     0.011    -0.001
     0.245    -0.001    -0.011     0.043
     0.232     0.000     0.010     0.009
     0.211     0.045     0.001     0.000
     0.234     0.023    -0.011    -0.033
     0.222    -0.034     0.045     0.045
     0.244    -0.023    -0.001     0.011
     0.200     0.000    -0.077     0.000
     0.222    -0.045    -0.012    -0.023
     0.244    -0.024     0.032    -0.013
     0.243    -0.023     0.022     0.023
     0.211     0.011    -0.011    -0.023
     0.211     0.000    -0.012    -0.033
     0.221    -0.010    -0.067     0.001
     0.268     0.034     0.068     0.056
     0.255     0.055     0.010     0.065
     0.278     0.109     0.090     0.044
     0.276     0.043     0.054     0.043
     0.211     0.010    -0.067    -0.011
     0.223    -0.022    -0.022    -0.002
     0.234    -0.010     0.022    -0.032
     0.233    -0.012     0.020    -0.012
     0.244     0.000     0.054     0.088
     0.276    -0.001     0.011     0.044
     0.212    -0.044    -0.011    -0.066
     0.223    -0.011     0.046    -0.011
     0.222    -0.012     0.022     0.000
     0.233     0.022     0.022     0.034
     0.211     0.012    -0.022     0.078
     0.222     0.011    -0.045     0.022
     0.223     0.011     0.011    -0.067
     0.223    -0.022     0.011    -0.023
     0.222     0.067     0.044     0.056
    -0.022     0.055     0.055     0.043
     0.244     0.045     0.033     0.056
     0.222     0.022    -0.012     0.033
     0.245     0.001    -0.023     0.000
     0.244     0.001    -0.057     0.011
     0.232     0.067     0.100     0.022
     0.233     0.079     0.022     0.056
     0.243     0.001     0.011     0.033
     0.212    -0.010    -0.055    -0.011
     0.267     0.001     0.022     0.011
     0.255    -0.066    -0.001     0.011
     0.243     0.000     0.011    -0.010
     0.223    -0.021     0.055     0.000
     0.201     0.022     0.023     0.000
     0.211    -0.011    -0.099    -0.011
     0.256    -0.021     0.022     0.023
     0.267     0.001     0.087     0.043
     0.256    -0.022     0.021     0.012
     0.222     0.023     0.022     0.022
    -0.023     0.022     0.024     0.067
     0.200     0.054     0.010     0.111
     0.221     0.000    -0.022     0.022
     0.276    -0.011     0.033     0.098
     0.256     0.023    -0.022    -0.001
     0.266     0.045     0.000     0.045
     0.246     0.000     0.010     0.077
     0.245     0.022     0.011     0.022