    1     2.252    2     1.926
    1     4.168    2     3.402
    1     3.151    2     2.650
    1     2.326    2     2.219
    1     3.696    2     2.545
    1     2.469    2     2.465
    1     2.545    2     2.407
    1     3.282    2     2.469
    1     2.933    2     2.150
    1     2.596    2     2.531
    1     2.814    2     2.189
    1     2.814    2     2.263
    1     2.561    2     2.189
    1     2.943    2     2.493
    1     3.515    2     2.169
    1     2.172    2     2.044
    1     2.840    2     2.172
    1     4.112    2     3.671
    1     3.350    2     3.289
    1     4.112    2     3.289
    1     4.062    2     2.819
    1     2.495    2     1.994
    1     2.281    2     2.101
    1     2.070    2     1.909
    1     3.197    2     2.998
    1     3.211    2     2.601
    1     6.158    2     5.265
    1     3.080    2     2.807
    1     2.056    2     1.926
    1     2.252    2     2.056
    1     1.742    2     1.737
    1     3.402    2     3.056
    1     4.168    2     3.056
    1     2.650    2     2.617
    1     3.696    2     3.282
    1     2.933    2     2.830
    1     2.830    2     2.150
    1     2.674    2     2.376
    1     2.674    2     2.596
    1     2.561    2     2.263
    1     2.832    2     2.353
    1     3.103    2     2.353
    1     2.475    2     2.239
    1     3.044    2     1.537
    1     3.287    2     3.135
    1     2.943    2     2.881
    1     2.493    2     2.401
    1     2.881    2     2.401
    1     3.316    2     2.169
    1     3.515    2     3.316
    1     2.840    2     2.165
    1     3.690    2     2.819
    1     4.062    2     3.690
    1     1.988    2     1.904
    1     2.101    2     1.726
    1     2.281    2     1.909
    1     3.450    2     2.715
    1     3.816    2     3.450
    1     3.211    2     2.998
    1     3.197    2     2.858
    1     6.158    2     3.804
    1     3.080    2     2.056
    1     2.556    2     2.209
    1     2.807    2     2.556
    1     1.923    2     1.893
    1     2.042    2     1.530
    1     2.042    2     1.946
    1     1.713    2     1.703
    1     1.946    2     1.703
    1     3.151    2     2.617
    1     2.828    2     2.416
    1     3.545    2     1.762
    1     4.021    2     2.828
    1     2.531    2     2.376
    1     3.103    2     2.832
    1     2.239    2     2.029
    1     2.300    2     2.029
    1     2.475    2     2.300
    1     3.287    2     1.646
    1     3.135    2     1.646
    1     2.010    2     1.260
    1     1.694    2     1.260
    1     2.010    2     1.701
    1     1.701    2     1.115
    1     2.165    2     2.044
    1     3.671    2     2.787
    1     1.609    2     1.563
    1     1.609    2     1.401
    1     2.495    2     2.085
    1     2.085    2     1.994
    1     3.816    2     2.715
    1     2.601    2     1.866
    1     2.133    2     1.977
    1     2.601    2     1.977
    1     3.413    2     3.180
    1     3.516    2     3.413
    1     2.858    2     2.545
    1     5.265    2     3.804
    1     4.588    2     2.106
    1     4.021    2     3.545
    1     1.401    2     1.388
    1     1.563    2     1.388
    1     2.133    2     1.866
    1     3.496    2     3.280
    1     3.516    2     3.496
    1     4.415    2     2.203
    1     2.984    2     2.203
    1     4.588    2     4.415
    1     1.861    2     1.680
    1     2.852    2     2.579
    1     3.098    2     2.761
    1     3.486    2     2.257
    1     1.200    2     1.193
    1     1.089    2     1.063
    1     1.149    2     1.080
    1     1.285    2     1.216
    1     1.515    2     1.285
    1     1.803    2     1.575
    1     1.695    2     1.528
    1     1.752    2     1.640
    1     1.719    2     1.368
    1     1.550    2     1.471
    1     2.545    2     2.202
    1     1.730    2     1.719
    1     1.713    2     1.578
    1     1.915    2     1.901
    1     1.894    2     1.722
    1     2.761    2     2.563
    1     3.326    2     2.537
    1     1.142    2     1.055
    1     1.142    2     0.978
    1     1.200    2     1.080
    1     1.193    2     1.149
    1     1.260    2     1.165
    1     1.404    2     1.221
    1     1.221    2     1.165
    1     2.234    2     1.765
    1     2.234    2     1.559
    1     1.740    2     1.686
    1     1.559    2     1.432
    1     1.765    2     1.457
    1     1.640    2     1.528
    1     1.775    2     1.523
    1     1.775    2     1.752
    1     1.704    2     1.541
    1     1.740    2     1.275
    1     1.550    2     1.497
    1     1.347    2     1.206
    1     2.363    2     2.149
    1     1.809    2     1.697
    1     2.363    2     2.202
    1     2.545    2     2.149
    1     5.163    2     0.860
    1     2.641    2     1.598
    1     2.251    2     1.828
    1     2.458    2     2.323
    1     2.555    2     2.273
    1     2.555    2     2.458
    1     2.323    2     2.165
    1     2.350    2     2.123
    1     2.165    2     2.077
    1     2.350    2     2.300
    1     1.919    2     1.786
    1     1.997    2     1.722
    1     1.997    2     1.901
    1     1.919    2     1.915
    1     1.626    2     1.579
    1     1.894    2     1.491
    1     3.486    2     3.326
    1     2.233    2     1.951
    1     1.089    2     0.959
    1     1.216    2     1.161
    1     1.329    2     1.144
    1     1.163    2     1.158
    1     1.515    2     1.329
    1     1.404    2     1.224
    1     1.686    2     1.478
    1     1.803    2     1.541
    1     1.861    2     1.740
    1     1.861    2     1.471
    1     1.623    2     1.620
    1     1.620    2     1.349
    1     5.163    2     0.897
    1     1.991    2     1.560
    1     2.641    2     2.251
    1     2.690    2     2.499
    1     2.263    2     1.691
    1     2.300    2     1.851
    1     2.058    2     1.951
    1     2.108    2     1.839
    1     1.999    2     1.839
    1     1.862    2     1.851
    1     1.701    2     1.600
    1     1.862    2     1.616
    1     1.851    2     1.523
    1     2.060    2     1.525
    1     1.753    2     1.701
    1     1.454    2     1.435
    1     1.715    2     1.501
    1     1.769    2     1.518
    1     1.762    2     1.743
    1     1.762    2     1.645
    1     1.743    2     1.556
    1     1.769    2     1.556
    1     1.743    2     1.637
    1     1.659    2     1.637
    1     1.830    2     1.791
    1     1.941    2     1.743
    1     1.941    2     1.825
    1     3.036    2     2.183
    1     3.500    2     3.080
    1     1.861    2     1.759
    1     2.058    2     1.755
    1     2.233    2     1.999
    1     2.108    2     1.815
    1     2.060    2     1.523
    1     1.835    2     1.753
    1     1.645    2     1.518
    1     1.825    2     1.621
    1     1.791    2     1.621
    1     1.830    2     1.659
    1     3.080    2     2.062
    1     2.958    2     2.066
    1     2.260    2     2.183
    1     3.100    2     1.000
    1     6.070    2     1.500
    1     6.070    2     0.861
    1     3.925    2     2.748
    1     1.828    2     1.560
    1     1.599    2     1.598
    1     3.228    2     2.718
    1     2.718    2     2.499
    1     3.228    2     2.690
    1     2.728    2     2.622
    1     2.622    2     1.367
    1     2.292    2     1.691
    1     2.728    2     1.618
    1     2.483    2     1.539
    1     2.994    2     2.954
    1     4.405    2     3.925
    1     3.047    2     2.992
    1     4.405    2     2.994
    1     3.500    2     2.260
    1     2.535    2     1.641
    1     4.361    2     3.852
    1     1.673    2     1.300
    1     1.623    2     1.566
    1     2.891    2     2.871
    1     2.329    2     2.143
    1     2.143    2     2.097
    1     4.233    2     4.092
    1     4.233    2     2.534
    1     2.658    2     2.475
    1     2.824    2     2.179
    1     2.824    2     2.532
    1     3.480    2     2.847
    1     2.807    2     2.264
    1     3.194    2     2.264
    1     2.514    2     2.218
    1     2.530    2     1.419
    1     2.802    2     2.043
    1     1.764    2     1.491
    1     2.181    2     1.764
    1     2.953    2     2.952
    1     2.953    2     2.235
    1     2.589    2     2.437
    1     4.323    2     3.435
    1     4.323    2     4.236
    1     2.200    2     2.044
    1     2.467    2     2.182
    1     3.125    2     2.024
    1     2.681    2     2.433
    1     3.125    2     2.891
    1     3.852    2     3.647
    1     1.673    2     1.621
    1     1.623    2     1.621
    1     3.777    2     2.765
    1     3.777    2     2.891
    1     2.561    2     2.329
    1     2.182    2     2.097
    1     2.561    2     2.182
    1     3.937    2     3.183
    1     3.937    2     2.876
    1     2.876    2     2.856
    1     2.324    2     2.263
    1     2.658    2     2.324
    1     2.475    2     2.263
    1     2.179    2     2.023
    1     2.532    2     2.007
    1     4.469    2     3.480
    1     4.469    2     2.847
    1     3.194    2     2.807
    1     2.702    2     2.043
    1     3.458    2     2.796
    1     2.796    2     2.515
    1     1.679    2     1.528
    1     2.181    2     1.679
    1     3.703    2     2.860
    1     5.085    2     3.819
    1     5.085    2     3.306
    1     3.819    2     3.458
    1     3.458    2     2.969
    1     2.589    2     1.844
    1     2.164    2     2.029
    1     3.913    2     3.435
    1     4.236    2     2.622
    1     3.889    2     3.653
    1     3.653    2     3.507
    1     7.553    2     4.443
    1     2.499    2     2.343
    1     2.499    2     2.182
    1     2.891    2     2.433
    1     2.458    2     1.976
    1     4.361    2     3.647
    1     2.871    2     2.765
    1     3.183    2     2.295
    1     2.250    2     1.592
    1     2.531    2     2.530
    1     2.531    2     2.250
    1     2.889    2     1.744
    1     2.941    2     1.756
    1     2.941    2     2.889
    1     3.586    2     2.565
    1     3.703    2     3.586
    1     3.471    2     2.860
    1     2.952    2     2.235
    1     2.203    2     1.844
    1     2.437    2     1.798
    1     2.070    2     1.719
    1     2.070    2     2.029
    1     2.164    2     1.719
    1     3.889    2     3.507
    1     2.086    2     2.044
    1     2.486    2     2.200
    1     2.486    2     1.784
    1     2.720    2     2.293
    1     2.711    2     2.658
    1     3.023    2     2.658
    1     4.467    2     4.443
    1     2.610    2     1.688
    1     2.402    2     2.178
    1     2.610    2     2.402
    1     2.178    2     1.876
    1     2.467    2     2.343
    1     4.092    2     2.534
    1     3.458    2     2.515
    1     4.155    2     3.953
    1     5.211    2     4.221
    1     5.211    2     4.155
    1     4.221    2     3.609
    1     3.023    2     2.429
    1     7.553    2     4.467
    1     2.720    2     2.711
    1     1.659    2     1.656
    1     1.426    2     1.334
    1     1.358    2     1.336
    1     1.335    2     1.302
    1     2.899    2     2.679
    1     1.605    2     1.539
    1     3.869    2     2.676
    1     2.020    2     1.959
    1     2.964    2     2.959
    1     1.813    2     1.762
    1     1.652    2     1.469
    1     1.672    2     1.460
    1     1.754    2     1.427
    1     1.413    2     1.336
    1     1.754    2     1.747
    1     1.743    2     1.735
    1     1.726    2     1.552
    1     1.717    2     1.601
    1     1.644    2     1.528
    1     1.661    2     1.635
    1     1.726    2     1.661
    1     3.621    2     3.406
    1     2.034    2     1.741
    1     1.572    2     1.488
    1     1.281    2     1.252
    1     1.814    2     1.770
    1     1.754    2     1.741
    1     2.169    2     1.909
    1     1.858    2     1.743
    1     2.818    2     2.265
    1     1.786    2     1.662
    1     1.813    2     1.656
    1     1.662    2     1.554
    1     1.747    2     1.332
    1     1.496    2     1.427
    1     2.516    2     2.293
    1     2.913    2     2.562
    1     1.667    2     1.615
    1     2.065    2     1.713
    1     1.752    2     1.735
    1     1.618    2     1.615
    1     2.065    2     1.568
    1     1.852    2     1.717
    1     1.601    2     1.534
    1     1.552    2     1.458
    1     1.852    2     1.644
    1     3.663    2     1.949
    1     4.229    2     1.949
    1     4.229    2     3.663
    1     1.741    2     1.683
    1     2.133    2     1.921
    1     2.133    2     1.928
    1     2.956    2     2.833
    1     2.833    2     2.544
    1     2.411    2     2.390
    1     2.450    2     2.316
    1     2.779    2     2.382
    1     2.450    2     2.411
    1     2.779    2     2.187
    1     1.295    2     1.254
    1     1.668    2     1.368
    1     1.409    2     1.355
    1     1.668    2     1.572
    1     1.488    2     1.254
    1     1.368    2     1.355
    1     1.814    2     1.768
    1     2.169    2     2.020
    1     1.959    2     1.909
    1     2.885    2     2.429
    1     1.786    2     1.762
    1     1.496    2     1.438
    1     1.752    2     1.743
    1     2.056    2     1.928
    1     2.056    2     2.034
    1     2.370    2     2.296
    1     2.390    2     2.388
    1     5.803    2     0.928
    1     5.803    2     1.218
    1     2.959    2     2.885
    1     2.483    2     2.450
    1     2.964    2     2.818
    1     1.445    2     1.164
    1     1.119    2     1.037
    1     1.193    2     1.142
    1     1.445    2     1.198
    1     1.164    2     1.015
    1     1.146    2     1.031
    1     1.146    2     1.142
    1     1.198    2     1.193
    1     2.813    2     2.381
    1     2.899    2     2.813
    1     2.913    2     2.679
    1     0.896    2     0.809
    1     0.896    2     0.844
    1     0.822    2     0.792
    1     0.822    2     0.765
    1     0.855    2     0.844
    1     0.855    2     0.765
    1     0.809    2     0.733
    1     0.812    2     0.764
    1     3.406    2     2.864
    1     3.176    2     2.520
    1     3.869    2     3.621
    1     3.611    2     2.362
    1     1.083    2     0.951
    1     1.014    2     0.995
    1     1.011    2     0.971
    1     0.844    2     0.781
    1     0.937    2     0.874
    1     1.011    2     0.995
    1     0.951    2     0.928
    1     1.083    2     1.014
    1     2.956    2     2.644
    1     2.659    2     2.644
    1     2.605    2     2.058
    1     1.106    2     1.022
    1     1.174    2     1.097
    1     1.367    2     1.296
    1     1.166    2     1.022
    1     1.296    2     1.166
    1     0.937    2     0.847
    1     1.367    2     1.174
    1     1.146    2     1.106
    1     2.741    2     2.733
    1     2.733    2     2.261
    1     2.741    2     2.261
    1     1.617    2     1.442
    1     1.617    2     1.053
    1     1.442    2     1.053
    1     3.100    2     2.070
    1     2.129    2     1.500
    1     2.129    2     0.954
    1     2.093    2     1.977
    1     1.996    2     1.977
    1     2.522    2     1.996
    1     2.522    2     2.093
