    1   30     2.252   29     1.926
    2   33     4.168   32     3.402
    3   70     3.151   34     2.650
    4   70     2.326    3     2.219
    5   35     3.696    7     2.545
    6    8     2.469   35     2.465
    7    5     2.545    8     2.407
    8   35     3.282    6     2.469
    9   36     2.933   37     2.150
   10   39     2.596   74     2.531
   11   12     2.814   13     2.189
   12   11     2.814   40     2.263
   13   40     2.561   11     2.189
   14   46     2.943   47     2.493
   15   50     3.515   49     2.169
   16   17     2.172   85     2.044
   17   51     2.840   16     2.172
   18   20     4.112   86     3.671
   19   18     3.350   20     3.289
   20   18     4.112   19     3.289
   21   53     4.062   52     2.819
   22   89     2.495   90     1.994
   23   56     2.281   55     2.101
   24   23     2.070   56     1.909
   25   60     3.197   59     2.998
   26   59     3.211   60     2.601
   27   61     6.158   98     5.265
   28   62     3.080   64     2.807
   29   30     2.056    1     1.926
   30    1     2.252   29     2.056
   31   30     1.742    1     1.737
   32    2     3.402   33     3.056
   33    2     4.168   32     3.056
   34    3     2.650   70     2.617
   35    5     3.696    8     3.282
   36    9     2.933   37     2.830
   37   36     2.830    9     2.150
   38   39     2.674   74     2.376
   39   38     2.674   10     2.596
   40   13     2.561   12     2.263
   41   75     2.832   42     2.353
   42   75     3.103   41     2.353
   43   78     2.475   76     2.239
   44   45     3.044   80     1.537
   45   79     3.287   80     3.135
   46   14     2.943   48     2.881
   47   14     2.493   48     2.401
   48   46     2.881   47     2.401
   49   50     3.316   15     2.169
   50   15     3.515   49     3.316
   51   17     2.840   85     2.165
   52   53     3.690   21     2.819
   53   21     4.062   52     3.690
   54   90     1.988   22     1.904
   55   23     2.101   56     1.726
   56   23     2.281   24     1.909
   57   58     3.450   91     2.715
   58   91     3.816   57     3.450
   59   26     3.211   25     2.998
   60   25     3.197   97     2.858
   61   27     6.158   98     3.804
   62   28     3.080   63     2.056
   63   64     2.556   28     2.209
   64   28     2.807   63     2.556
   65   30     1.923    1     1.893
   66   67     2.042   69     1.530
   67   66     2.042   69     1.946
   68   67     1.713   69     1.703
   69   67     1.946   68     1.703
   70    3     3.151   34     2.617
   71   73     2.828  100     2.416
   72  100     3.545   71     1.762
   73  100     4.021   71     2.828
   74   10     2.531   38     2.376
   75   42     3.103   41     2.832
   76   43     2.239   77     2.029
   77   78     2.300   76     2.029
   78   43     2.475   77     2.300
   79   45     3.287   80     1.646
   80   45     3.135   79     1.646
   81   83     2.010   82     1.260
   82   83     1.694   81     1.260
   83   81     2.010   84     1.701
   84   83     1.701   82     1.115
   85   51     2.165   16     2.044
   86   18     3.671   19     2.787
   87   88     1.609  102     1.563
   88   87     1.609  101     1.401
   89   22     2.495   90     2.085
   90   89     2.085   22     1.994
   91   58     3.816   57     2.715
   92   94     2.601  103     1.866
   93  103     2.133   94     1.977
   94   92     2.601   93     1.977
   95   96     3.413  104     3.180
   96  105     3.516   95     3.413
   97   60     2.858   59     2.545
   98   27     5.265   61     3.804
   99  108     4.588  107     2.106
  100   73     4.021   72     3.545
  101   88     1.401  102     1.388
  102   87     1.563  101     1.388
  103   93     2.133   92     1.866
  104  105     3.496   96     3.280
  105   96     3.516  104     3.496
  106  108     4.415  107     2.203
  107  108     2.984  106     2.203
  108   99     4.588  106     4.415
  109  165     1.861  127     1.680
  110  169     2.852  111     2.579
  111  169     3.098  128     2.761
  112  169     3.486  111     2.257
  113  132     1.200  133     1.193
  114  171     1.089  113     1.063
  115  133     1.149  132     1.080
  116  117     1.285  172     1.216
  117  175     1.515  116     1.285
  118  178     1.803  144     1.575
  119  144     1.695  142     1.528
  120  144     1.752  142     1.640
  121  179     1.719  122     1.368
  122  179     1.550  180     1.471
  123  152     2.545  151     2.202
  124  149     1.730  152     1.719
  125  165     1.713  127     1.578
  126  166     1.915  165     1.901
  127  168     1.894  164     1.722
  128  111     2.761  169     2.563
  129  169     3.326  111     2.537
  130  131     1.142  132     1.055
  131  130     1.142  115     0.978
  132  113     1.200  115     1.080
  133  113     1.193  115     1.149
  134  175     1.260  136     1.165
  135  176     1.404  136     1.221
  136  135     1.221  134     1.165
  137  138     2.234  141     1.765
  138  137     2.234  140     1.559
  139  137     1.740  177     1.686
  140  138     1.559  139     1.432
  141  137     1.765  177     1.457
  142  120     1.640  119     1.528
  143  144     1.775  142     1.523
  144  143     1.775  120     1.752
  145  144     1.704  178     1.541
  146  179     1.740  122     1.275
  147  181     1.550  179     1.497
  148  179     1.347  121     1.206
  149  151     2.363  152     2.149
  150  151     1.809  124     1.697
  151  149     2.363  123     2.202
  152  123     2.545  149     2.149
  153  183     5.163  156     0.860
  154  185     2.641  230     1.598
  155  185     2.251  229     1.828
  156  158     2.458  159     2.323
  157  158     2.555  162     2.273
  158  157     2.555  156     2.458
  159  156     2.323  161     2.165
  160  162     2.350  158     2.123
  161  159     2.165  160     2.077
  162  160     2.350  188     2.300
  163  166     1.919  165     1.786
  164  165     1.997  127     1.722
  165  164     1.997  126     1.901
  166  163     1.919  126     1.915
  167  164     1.626  109     1.579
  168  127     1.894  165     1.491
  169  112     3.486  129     3.326
  170  214     2.233  189     1.951
  171  114     1.089  133     0.959
  172  116     1.216  117     1.161
  173  175     1.329  116     1.144
  174  135     1.163  172     1.158
  175  117     1.515  173     1.329
  176  135     1.404  117     1.224
  177  139     1.686  138     1.478
  178  118     1.803  145     1.541
  179  180     1.861  146     1.740
  180  179     1.861  122     1.471
  181  179     1.623  182     1.620
  182  181     1.620  179     1.349
  183  153     5.163  188     0.897
  184  185     1.991  229     1.560
  185  154     2.641  155     2.251
  186  233     2.690  232     2.499
  187  234     2.263  236     1.691
  188  162     2.300  159     1.851
  189  213     2.058  170     1.951
  190  215     2.108  191     1.839
  191  214     1.999  190     1.839
  192  194     1.862  195     1.851
  193  197     1.701  192     1.600
  194  192     1.862  197     1.616
  195  192     1.851  216     1.523
  196  216     2.060  192     1.525
  197  217     1.753  193     1.701
  198  204     1.454  202     1.435
  199  201     1.715  202     1.501
  200  204     1.769  218     1.518
  201  202     1.762  203     1.743
  202  201     1.762  218     1.645
  203  201     1.743  204     1.556
  204  200     1.769  203     1.556
  205  208     1.743  206     1.637
  206  221     1.659  205     1.637
  207  221     1.830  220     1.791
  208  209     1.941  205     1.743
  209  208     1.941  219     1.825
  210  211     3.036  224     2.183
  211  243     3.500  222     3.080
  212  189     1.861  191     1.759
  213  189     2.058  214     1.755
  214  170     2.233  191     1.999
  215  190     2.108  170     1.815
  216  196     2.060  195     1.523
  217  192     1.835  197     1.753
  218  202     1.645  200     1.518
  219  209     1.825  220     1.621
  220  207     1.791  219     1.621
  221  207     1.830  206     1.659
  222  211     3.080  224     2.062
  223  211     2.958  224     2.066
  224  243     2.260  210     2.183
  225  483     3.100  242     1.000
  226  227     6.070  484     1.500
  227  226     6.070  228     0.861
  228  240     3.925  242     2.748
  229  155     1.828  184     1.560
  230  185     1.599  154     1.598
  231  233     3.228  232     2.718
  232  231     2.718  186     2.499
  233  231     3.228  186     2.690
  234  237     2.728  235     2.622
  235  234     2.622  238     1.367
  236  234     2.292  187     1.691
  237  234     2.728  187     1.618
  238  234     2.483  237     1.539
  239  242     2.994  240     2.954
  240  242     4.405  228     3.925
  241  240     3.047  242     2.992
  242  240     4.405  239     2.994
  243  211     3.500  224     2.260
  244  211     2.535  243     1.641
  245  314     4.361  274     3.852
  246  275     1.673  247     1.300
  247  276     1.623  275     1.566
  248  278     2.891  315     2.871
  249  279     2.329  250     2.143
  250  249     2.143  280     2.097
  251  252     4.233  345     4.092
  252  251     4.233  345     2.534
  253  286     2.658  287     2.475
  254  255     2.824  288     2.179
  255  254     2.824  289     2.532
  256  290     3.480  291     2.847
  257  292     2.807  258     2.264
  258  292     3.194  257     2.264
  259  292     2.514  258     2.218
  260  318     2.530  317     1.419
  261  322     2.802  293     2.043
  262  263     1.764  296     1.491
  263  297     2.181  262     1.764
  264  265     2.953  326     2.952
  265  264     2.953  326     2.235
  266  303     2.589  328     2.437
  267  268     4.323  305     3.435
  268  267     4.323  306     4.236
  269  334     2.200  333     2.044
  270  344     2.467  311     2.182
  271  273     3.125  312     2.024
  272  273     2.681  312     2.433
  273  271     3.125  312     2.891
  274  245     3.852  314     3.647
  275  246     1.673  276     1.621
  276  247     1.623  275     1.621
  277  278     3.777  315     2.765
  278  277     3.777  248     2.891
  279  281     2.561  249     2.329
  280  281     2.182  250     2.097
  281  279     2.561  280     2.182
  282  283     3.937  316     3.183
  283  282     3.937  284     2.876
  284  283     2.876  282     2.856
  285  286     2.324  287     2.263
  286  253     2.658  285     2.324
  287  253     2.475  285     2.263
  288  254     2.179  255     2.023
  289  255     2.532  254     2.007
  290  291     4.469  256     3.480
  291  290     4.469  256     2.847
  292  258     3.194  257     2.807
  293  322     2.702  261     2.043
  294  346     3.458  295     2.796
  295  294     2.796  346     2.515
  296  297     1.679  263     1.528
  297  263     2.181  296     1.679
  298  324     3.703  325     2.860
  299  300     5.085  301     3.819
  300  299     5.085  301     3.306
  301  299     3.819  302     3.458
  302  301     3.458  299     2.969
  303  266     2.589  327     1.844
  304  331     2.164  330     2.029
  305  268     3.913  267     3.435
  306  268     4.236  267     2.622
  307  332     3.889  308     3.653
  308  307     3.653  332     3.507
  309  352     7.553  339     4.443
  310  311     2.499  344     2.343
  311  310     2.499  270     2.182
  312  273     2.891  272     2.433
  313  273     2.458  272     1.976
  314  245     4.361  274     3.647
  315  248     2.871  277     2.765
  316  282     3.183  283     2.295
  317  319     2.250  318     1.592
  318  319     2.531  260     2.530
  319  318     2.531  317     2.250
  320  322     2.889  261     1.744
  321  322     2.941  293     1.756
  322  321     2.941  320     2.889
  323  324     3.586  298     2.565
  324  298     3.703  323     3.586
  325  324     3.471  298     2.860
  326  264     2.952  265     2.235
  327  266     2.203  303     1.844
  328  266     2.437  327     1.798
  329  330     2.070  331     1.719
  330  329     2.070  304     2.029
  331  304     2.164  329     1.719
  332  307     3.889  308     3.507
  333  334     2.086  269     2.044
  334  335     2.486  269     2.200
  335  334     2.486  269     1.784
  336  353     2.720  351     2.293
  337  353     2.711  338     2.658
  338  351     3.023  337     2.658
  339  352     4.467  309     4.443
  340  342     2.610  343     1.688
  341  342     2.402  343     2.178
  342  340     2.610  341     2.402
  343  341     2.178  342     1.876
  344  270     2.467  310     2.343
  345  251     4.092  252     2.534
  346  294     3.458  295     2.515
  347  349     4.155  348     3.953
  348  349     5.211  350     4.221
  349  348     5.211  347     4.155
  350  348     4.221  349     3.609
  351  338     3.023  353     2.429
  352  309     7.553  339     4.467
  353  336     2.720  337     2.711
  354  384     1.659  385     1.656
  355  424     1.426  368     1.334
  356  366     1.358  367     1.336
  357  367     1.335  387     1.302
  358  444     2.899  445     2.679
  359  394     1.605  392     1.539
  360  456     3.869  454     2.676
  361  420     2.020  421     1.959
  362  434     2.964  432     2.959
  363  385     1.813  423     1.762
  364  354     1.652  386     1.469
  365  423     1.672  386     1.460
  366  368     1.754  388     1.427
  367  368     1.413  356     1.336
  368  366     1.754  387     1.747
  369  425     1.743  393     1.735
  370  374     1.726  398     1.552
  371  396     1.717  397     1.601
  372  399     1.644  371     1.528
  373  374     1.661  399     1.635
  374  370     1.726  373     1.661
  375  456     3.621  454     3.406
  376  427     2.034  403     1.741
  377  416     1.572  417     1.488
  378  415     1.281  418     1.252
  379  419     1.814  420     1.770
  380  379     1.754  420     1.741
  381  420     2.169  421     1.909
  382  381     1.858  379     1.743
  383  434     2.818  433     2.265
  384  423     1.786  386     1.662
  385  363     1.813  354     1.656
  386  384     1.662  354     1.554
  387  368     1.747  388     1.332
  388  424     1.496  366     1.427
  389  444     2.516  390     2.293
  390  445     2.913  444     2.562
  391  425     1.667  394     1.615
  392  395     2.065  393     1.713
  393  425     1.752  369     1.735
  394  393     1.618  391     1.615
  395  392     2.065  391     1.568
  396  399     1.852  371     1.717
  397  371     1.601  373     1.534
  398  370     1.552  396     1.458
  399  396     1.852  372     1.644
  400  402     3.663  401     1.949
  401  402     4.229  400     1.949
  402  401     4.229  400     3.663
  403  376     1.741  427     1.683
  404  405     2.133  427     1.921
  405  404     2.133  426     1.928
  406  466     2.956  407     2.833
  407  406     2.833  466     2.544
  408  411     2.411  429     2.390
  409  411     2.450  408     2.316
  410  412     2.779  411     2.382
  411  409     2.450  408     2.411
  412  410     2.779  429     2.187
  413  416     1.295  417     1.254
  414  416     1.668  418     1.368
  415  416     1.409  418     1.355
  416  414     1.668  377     1.572
  417  377     1.488  413     1.254
  418  414     1.368  415     1.355
  419  379     1.814  361     1.768
  420  381     2.169  361     2.020
  421  361     1.959  381     1.909
  422  432     2.885  433     2.429
  423  384     1.786  363     1.762
  424  388     1.496  368     1.438
  425  393     1.752  369     1.743
  426  427     2.056  405     1.928
  427  426     2.056  376     2.034
  428  406     2.370  407     2.296
  429  408     2.390  411     2.388
  430  431     5.803  479     0.928
  431  430     5.803  477     1.218
  432  362     2.959  422     2.885
  433  434     2.483  362     2.450
  434  362     2.964  383     2.818
  435  438     1.445  439     1.164
  436  435     1.119  442     1.037
  437  442     1.193  441     1.142
  438  435     1.445  442     1.198
  439  435     1.164  442     1.015
  440  441     1.146  438     1.031
  441  440     1.146  437     1.142
  442  438     1.198  437     1.193
  443  444     2.813  445     2.381
  444  358     2.899  443     2.813
  445  390     2.913  358     2.679
  446  447     0.896  452     0.809
  447  446     0.896  450     0.844
  448  449     0.822  450     0.792
  449  448     0.822  451     0.765
  450  451     0.855  447     0.844
  451  450     0.855  449     0.765
  452  446     0.809  450     0.733
  453  450     0.812  448     0.764
  454  375     3.406  456     2.864
  455  456     3.176  360     2.520
  456  360     3.869  375     3.621
  457  456     3.611  375     2.362
  458  465     1.083  464     0.951
  459  465     1.014  463     0.995
  460  463     1.011  465     0.971
  461  460     0.844  459     0.781
  462  460     0.937  458     0.874
  463  460     1.011  459     0.995
  464  458     0.951  460     0.928
  465  458     1.083  459     1.014
  466  406     2.956  467     2.644
  467  406     2.659  466     2.644
  468  467     2.605  428     2.058
  469  476     1.106  472     1.022
  470  475     1.174  473     1.097
  471  475     1.367  473     1.296
  472  473     1.166  469     1.022
  473  471     1.296  472     1.166
  474  473     0.937  475     0.847
  475  471     1.367  470     1.174
  476  473     1.146  469     1.106
  477  479     2.741  478     2.733
  478  477     2.733  479     2.261
  479  477     2.741  478     2.261
  480  481     1.617  482     1.442
  481  480     1.617  482     1.053
  482  480     1.442  481     1.053
  483  225     3.100  307     2.070
  484  485     2.129  226     1.500
  485  484     2.129  240     0.954
  486  489     2.093  487     1.977
  487  488     1.996  486     1.977
  488  489     2.522  487     1.996
  489  488     2.522  486     2.093
